0SE 结果
unpruned_mse= 0.3491396186326447
pruned_mse= 0.34744310838680087


１SE 结果

unpruned_mse= 0.3491396186326447
pruned_mse= 0.37745567681810205